160 448 16 16
160 464 16 16
160 480 16 16
160 496 16 16
160 512 16 16
176 448 16 16
176 464 16 16
176 480 16 16
176 496 16 16
176 512 16 16
208 32 16 16
208 64 16 16
208 112 16 16
208 128 16 16
208 144 16 16
208 256 16 16
224 16 16 16
224 32 16 16
224 64 16 16
224 256 16 16
240 32 16 16
240 64 16 16
240 256 16 16
256 16 16 16
256 32 16 16
256 64 16 16
256 256 16 16
272 256 16 16
288 16 16 16
288 32 16 16
288 48 16 16
288 64 16 16
288 256 16 16
304 16 16 16
304 32 16 16
304 48 16 16
304 64 16 16
304 256 16 16
320 16 16 16
320 32 16 16
320 48 16 16
320 64 16 16
320 256 16 16
416 32 16 16
416 48 16 16
416 64 16 16
416 80 16 16
416 96 16 16
416 112 16 16
416 128 16 16
416 144 16 16
464 16 16 16
464 32 16 16
464 48 16 16
464 64 16 16
464 80 16 16
464 96 16 16
464 112 16 16
464 128 16 16
464 144 16 16
464 160 16 16
464 176 16 16
464 192 16 16
464 208 16 16
464 224 16 16
464 240 16 16
464 256 16 16
464 272 16 16
464 288 16 16
464 304 16 16
464 320 16 16
464 336 16 16
464 352 16 16
464 368 16 16
464 384 16 16
480 16 16 16
480 32 16 16
480 48 16 16
480 64 16 16
480 80 16 16
480 96 16 16
480 112 16 16
480 128 16 16
480 144 16 16
480 160 16 16
480 176 16 16
480 192 16 16
480 208 16 16
480 224 16 16
480 240 16 16
480 256 16 16
480 272 16 16
480 288 16 16
480 304 16 16
480 320 16 16
480 336 16 16
480 352 16 16
480 368 16 16
480 384 16 16
480 608 16 16
480 672 16 16
480 736 16 16
480 800 16 16
480 864 16 16
480 928 16 16
480 992 16 16
480 1056 16 16
480 1120 16 16
480 1184 16 16
496 16 16 16
496 32 16 16
496 48 16 16
496 64 16 16
496 80 16 16
496 96 16 16
496 112 16 16
496 128 16 16
496 144 16 16
496 160 16 16
496 176 16 16
496 192 16 16
496 208 16 16
496 224 16 16
496 240 16 16
496 256 16 16
496 272 16 16
496 288 16 16
496 304 16 16
496 320 16 16
496 336 16 16
496 352 16 16
496 368 16 16
496 384 16 16
496 608 16 16
496 624 16 16
496 672 16 16
496 688 16 16
496 736 16 16
496 752 16 16
496 800 16 16
496 816 16 16
496 864 16 16
496 880 16 16
496 928 16 16
496 944 16 16
496 992 16 16
496 1008 16 16
496 1056 16 16
496 1072 16 16
496 1120 16 16
496 1136 16 16
496 1184 16 16
496 1200 16 16
512 16 16 16
512 32 16 16
512 48 16 16
512 64 16 16
512 80 16 16
512 96 16 16
512 112 16 16
512 128 16 16
512 144 16 16
512 160 16 16
512 176 16 16
512 192 16 16
512 208 16 16
512 224 16 16
512 240 16 16
512 256 16 16
512 272 16 16
512 288 16 16
512 304 16 16
512 320 16 16
512 336 16 16
512 352 16 16
512 368 16 16
512 384 16 16
512 576 16 16
512 592 16 16
512 608 16 16
512 624 16 16
512 640 16 16
512 656 16 16
512 672 16 16
512 688 16 16
512 704 16 16
512 720 16 16
512 736 16 16
512 752 16 16
512 768 16 16
512 784 16 16
512 800 16 16
512 816 16 16
512 832 16 16
512 848 16 16
512 864 16 16
512 880 16 16
512 896 16 16
512 912 16 16
512 928 16 16
512 944 16 16
512 960 16 16
512 976 16 16
512 992 16 16
512 1008 16 16
512 1024 16 16
512 1040 16 16
512 1056 16 16
512 1072 16 16
512 1088 16 16
512 1104 16 16
512 1120 16 16
512 1136 16 16
512 1152 16 16
512 1168 16 16
512 1184 16 16
512 1200 16 16
528 16 16 16
528 32 16 16
528 48 16 16
528 64 16 16
528 80 16 16
528 96 16 16
528 112 16 16
528 128 16 16
528 144 16 16
528 160 16 16
528 176 16 16
528 192 16 16
528 208 16 16
528 224 16 16
528 240 16 16
528 256 16 16
528 272 16 16
528 288 16 16
528 304 16 16
528 320 16 16
528 336 16 16
528 352 16 16
528 368 16 16
528 384 16 16
528 608 16 16
528 624 16 16
528 672 16 16
528 688 16 16
528 736 16 16
528 752 16 16
528 800 16 16
528 816 16 16
528 864 16 16
528 880 16 16
528 928 16 16
528 944 16 16
528 992 16 16
528 1008 16 16
528 1056 16 16
528 1072 16 16
528 1120 16 16
528 1136 16 16
528 1184 16 16
528 1200 16 16
544 16 16 16
544 32 16 16
544 48 16 16
544 64 16 16
544 80 16 16
544 96 16 16
544 112 16 16
544 128 16 16
544 144 16 16
544 160 16 16
544 176 16 16
544 192 16 16
544 208 16 16
544 224 16 16
544 240 16 16
544 256 16 16
544 272 16 16
544 288 16 16
544 304 16 16
544 320 16 16
544 336 16 16
544 352 16 16
544 368 16 16
544 384 16 16
544 608 16 16
544 672 16 16
544 736 16 16
544 800 16 16
544 864 16 16
544 928 16 16
544 992 16 16
544 1056 16 16
544 1120 16 16
544 1184 16 16
560 16 16 16
560 32 16 16
560 48 16 16
560 64 16 16
560 80 16 16
560 96 16 16
560 112 16 16
560 128 16 16
560 144 16 16
560 160 16 16
560 176 16 16
560 192 16 16
560 208 16 16
560 224 16 16
560 240 16 16
560 256 16 16
560 272 16 16
560 288 16 16
560 304 16 16
560 320 16 16
560 336 16 16
560 352 16 16
560 368 16 16
560 384 16 16
560 608 16 16
560 672 16 16
560 736 16 16
560 800 16 16
560 864 16 16
560 928 16 16
560 992 16 16
560 1056 16 16
560 1120 16 16
560 1184 16 16
576 16 16 16
576 32 16 16
576 48 16 16
576 64 16 16
576 80 16 16
576 96 16 16
576 112 16 16
576 128 16 16
576 144 16 16
576 160 16 16
576 176 16 16
576 192 16 16
576 208 16 16
576 224 16 16
576 240 16 16
576 256 16 16
576 272 16 16
576 288 16 16
576 304 16 16
576 320 16 16
576 336 16 16
576 352 16 16
576 368 16 16
576 384 16 16
576 608 16 16
576 624 16 16
576 672 16 16
576 688 16 16
576 736 16 16
576 752 16 16
576 800 16 16
576 816 16 16
576 864 16 16
576 880 16 16
576 928 16 16
576 944 16 16
576 992 16 16
576 1008 16 16
576 1056 16 16
576 1072 16 16
576 1120 16 16
576 1136 16 16
576 1184 16 16
576 1200 16 16
592 16 16 16
592 32 16 16
592 48 16 16
592 64 16 16
592 80 16 16
592 96 16 16
592 112 16 16
592 128 16 16
592 144 16 16
592 160 16 16
592 176 16 16
592 192 16 16
592 208 16 16
592 224 16 16
592 240 16 16
592 256 16 16
592 272 16 16
592 288 16 16
592 304 16 16
592 320 16 16
592 336 16 16
592 352 16 16
592 368 16 16
592 384 16 16
592 576 16 16
592 592 16 16
592 608 16 16
592 624 16 16
592 640 16 16
592 656 16 16
592 672 16 16
592 688 16 16
592 704 16 16
592 720 16 16
592 736 16 16
592 752 16 16
592 768 16 16
592 784 16 16
592 800 16 16
592 816 16 16
592 832 16 16
592 848 16 16
592 864 16 16
592 880 16 16
592 896 16 16
592 912 16 16
592 928 16 16
592 944 16 16
592 960 16 16
592 976 16 16
592 992 16 16
592 1008 16 16
592 1024 16 16
592 1040 16 16
592 1056 16 16
592 1072 16 16
592 1088 16 16
592 1104 16 16
592 1120 16 16
592 1136 16 16
592 1152 16 16
592 1168 16 16
592 1184 16 16
592 1200 16 16
608 16 16 16
608 32 16 16
608 48 16 16
608 64 16 16
608 80 16 16
608 96 16 16
608 112 16 16
608 128 16 16
608 144 16 16
608 160 16 16
608 176 16 16
608 192 16 16
608 208 16 16
608 224 16 16
608 240 16 16
608 256 16 16
608 272 16 16
608 288 16 16
608 304 16 16
608 320 16 16
608 336 16 16
608 352 16 16
608 368 16 16
608 384 16 16
608 608 16 16
608 624 16 16
608 672 16 16
608 688 16 16
608 736 16 16
608 752 16 16
608 800 16 16
608 816 16 16
608 864 16 16
608 880 16 16
608 928 16 16
608 944 16 16
608 992 16 16
608 1008 16 16
608 1056 16 16
608 1072 16 16
608 1120 16 16
608 1136 16 16
608 1184 16 16
608 1200 16 16
624 16 16 16
624 32 16 16
624 48 16 16
624 64 16 16
624 80 16 16
624 96 16 16
624 112 16 16
624 128 16 16
624 144 16 16
624 160 16 16
624 176 16 16
624 192 16 16
624 208 16 16
624 224 16 16
624 240 16 16
624 256 16 16
624 272 16 16
624 288 16 16
624 304 16 16
624 320 16 16
624 336 16 16
624 352 16 16
624 368 16 16
624 384 16 16
624 608 16 16
624 672 16 16
624 736 16 16
624 800 16 16
624 864 16 16
624 928 16 16
624 992 16 16
624 1056 16 16
624 1120 16 16
624 1184 16 16
640 16 16 16
640 32 16 16
640 48 16 16
640 64 16 16
640 80 16 16
640 96 16 16
640 112 16 16
640 128 16 16
640 144 16 16
640 160 16 16
640 176 16 16
640 192 16 16
640 208 16 16
640 224 16 16
640 240 16 16
640 256 16 16
640 272 16 16
640 288 16 16
640 304 16 16
640 320 16 16
640 336 16 16
640 352 16 16
640 368 16 16
640 384 16 16
640 608 16 16
640 672 16 16
640 736 16 16
640 800 16 16
640 864 16 16
640 928 16 16
640 992 16 16
640 1056 16 16
640 1120 16 16
640 1184 16 16
656 16 16 16
656 32 16 16
656 48 16 16
656 64 16 16
656 80 16 16
656 96 16 16
656 112 16 16
656 128 16 16
656 144 16 16
656 160 16 16
656 176 16 16
656 192 16 16
656 208 16 16
656 224 16 16
656 240 16 16
656 256 16 16
656 272 16 16
656 288 16 16
656 304 16 16
656 320 16 16
656 336 16 16
656 352 16 16
656 368 16 16
656 384 16 16
656 608 16 16
656 624 16 16
656 672 16 16
656 688 16 16
656 736 16 16
656 752 16 16
656 800 16 16
656 816 16 16
656 864 16 16
656 880 16 16
656 928 16 16
656 944 16 16
656 992 16 16
656 1008 16 16
656 1056 16 16
656 1072 16 16
656 1120 16 16
656 1136 16 16
656 1184 16 16
656 1200 16 16
672 16 16 16
672 32 16 16
672 48 16 16
672 64 16 16
672 80 16 16
672 96 16 16
672 112 16 16
672 128 16 16
672 144 16 16
672 160 16 16
672 176 16 16
672 192 16 16
672 208 16 16
672 224 16 16
672 240 16 16
672 256 16 16
672 272 16 16
672 288 16 16
672 304 16 16
672 320 16 16
672 336 16 16
672 352 16 16
672 368 16 16
672 384 16 16
672 576 16 16
672 592 16 16
672 608 16 16
672 624 16 16
672 640 16 16
672 656 16 16
672 672 16 16
672 688 16 16
672 704 16 16
672 720 16 16
672 736 16 16
672 752 16 16
672 768 16 16
672 784 16 16
672 800 16 16
672 816 16 16
672 832 16 16
672 848 16 16
672 864 16 16
672 880 16 16
672 896 16 16
672 912 16 16
672 928 16 16
672 944 16 16
672 960 16 16
672 976 16 16
672 992 16 16
672 1008 16 16
672 1024 16 16
672 1040 16 16
672 1056 16 16
672 1072 16 16
672 1088 16 16
672 1104 16 16
672 1120 16 16
672 1136 16 16
672 1152 16 16
672 1168 16 16
672 1184 16 16
672 1200 16 16
688 16 16 16
688 32 16 16
688 48 16 16
688 64 16 16
688 80 16 16
688 96 16 16
688 112 16 16
688 128 16 16
688 144 16 16
688 160 16 16
688 176 16 16
688 192 16 16
688 208 16 16
688 224 16 16
688 240 16 16
688 256 16 16
688 272 16 16
688 288 16 16
688 304 16 16
688 320 16 16
688 336 16 16
688 352 16 16
688 368 16 16
688 384 16 16
688 608 16 16
688 624 16 16
688 672 16 16
688 688 16 16
688 736 16 16
688 752 16 16
688 800 16 16
688 816 16 16
688 864 16 16
688 880 16 16
688 928 16 16
688 944 16 16
688 992 16 16
688 1008 16 16
688 1056 16 16
688 1072 16 16
688 1120 16 16
688 1136 16 16
688 1184 16 16
688 1200 16 16
704 16 16 16
704 32 16 16
704 48 16 16
704 64 16 16
704 80 16 16
704 96 16 16
704 112 16 16
704 128 16 16
704 144 16 16
704 160 16 16
704 176 16 16
704 192 16 16
704 208 16 16
704 224 16 16
704 240 16 16
704 256 16 16
704 272 16 16
704 288 16 16
704 304 16 16
704 320 16 16
704 336 16 16
704 352 16 16
704 368 16 16
704 384 16 16
704 608 16 16
704 672 16 16
704 736 16 16
704 800 16 16
704 864 16 16
704 928 16 16
704 992 16 16
704 1056 16 16
704 1120 16 16
704 1184 16 16
720 608 16 16
720 672 16 16
720 736 16 16
720 800 16 16
720 864 16 16
720 928 16 16
720 992 16 16
720 1056 16 16
720 1120 16 16
720 1184 16 16
736 144 16 16
736 160 16 16
736 176 16 16
736 192 16 16
736 208 16 16
736 224 16 16
736 240 16 16
736 256 16 16
736 272 16 16
736 288 16 16
736 304 16 16
736 320 16 16
736 336 16 16
736 352 16 16
736 368 16 16
736 608 16 16
736 624 16 16
736 672 16 16
736 688 16 16
736 736 16 16
736 752 16 16
736 800 16 16
736 816 16 16
736 864 16 16
736 880 16 16
736 928 16 16
736 944 16 16
736 992 16 16
736 1008 16 16
736 1056 16 16
736 1072 16 16
736 1120 16 16
736 1136 16 16
736 1184 16 16
736 1200 16 16
752 144 16 16
752 160 16 16
752 176 16 16
752 192 16 16
752 208 16 16
752 224 16 16
752 240 16 16
752 256 16 16
752 272 16 16
752 288 16 16
752 304 16 16
752 320 16 16
752 336 16 16
752 352 16 16
752 368 16 16
752 576 16 16
752 592 16 16
752 608 16 16
752 624 16 16
752 640 16 16
752 656 16 16
752 672 16 16
752 688 16 16
752 704 16 16
752 720 16 16
752 736 16 16
752 752 16 16
752 768 16 16
752 784 16 16
752 800 16 16
752 816 16 16
752 832 16 16
752 848 16 16
752 864 16 16
752 880 16 16
752 896 16 16
752 912 16 16
752 928 16 16
752 944 16 16
752 960 16 16
752 976 16 16
752 992 16 16
752 1008 16 16
752 1024 16 16
752 1040 16 16
752 1056 16 16
752 1072 16 16
752 1088 16 16
752 1104 16 16
752 1120 16 16
752 1136 16 16
752 1152 16 16
752 1168 16 16
752 1184 16 16
752 1200 16 16
768 144 16 16
768 160 16 16
768 176 16 16
768 192 16 16
768 208 16 16
768 224 16 16
768 240 16 16
768 256 16 16
768 272 16 16
768 288 16 16
768 304 16 16
768 320 16 16
768 336 16 16
768 352 16 16
768 368 16 16
768 608 16 16
768 624 16 16
768 672 16 16
768 688 16 16
768 736 16 16
768 752 16 16
768 800 16 16
768 816 16 16
768 864 16 16
768 880 16 16
768 928 16 16
768 944 16 16
768 992 16 16
768 1008 16 16
768 1056 16 16
768 1072 16 16
768 1120 16 16
768 1136 16 16
768 1184 16 16
768 1200 16 16
784 144 16 16
784 160 16 16
784 176 16 16
784 192 16 16
784 208 16 16
784 224 16 16
784 240 16 16
784 256 16 16
784 272 16 16
784 288 16 16
784 304 16 16
784 320 16 16
784 336 16 16
784 352 16 16
784 368 16 16
784 608 16 16
784 672 16 16
784 736 16 16
784 800 16 16
784 864 16 16
784 928 16 16
784 992 16 16
784 1056 16 16
784 1120 16 16
784 1184 16 16
800 144 16 16
800 160 16 16
800 176 16 16
800 192 16 16
800 208 16 16
800 224 16 16
800 240 16 16
800 256 16 16
800 272 16 16
800 288 16 16
800 304 16 16
800 320 16 16
800 336 16 16
800 352 16 16
800 368 16 16
800 608 16 16
800 672 16 16
800 736 16 16
800 800 16 16
800 864 16 16
800 928 16 16
800 992 16 16
800 1056 16 16
800 1120 16 16
800 1184 16 16
816 144 16 16
816 160 16 16
816 176 16 16
816 192 16 16
816 208 16 16
816 224 16 16
816 240 16 16
816 256 16 16
816 272 16 16
816 288 16 16
816 304 16 16
816 320 16 16
816 336 16 16
816 352 16 16
816 368 16 16
816 608 16 16
816 624 16 16
816 672 16 16
816 688 16 16
816 736 16 16
816 752 16 16
816 800 16 16
816 816 16 16
816 864 16 16
816 880 16 16
816 928 16 16
816 944 16 16
816 992 16 16
816 1008 16 16
816 1056 16 16
816 1072 16 16
816 1120 16 16
816 1136 16 16
816 1184 16 16
816 1200 16 16
832 144 16 16
832 160 16 16
832 176 16 16
832 192 16 16
832 208 16 16
832 224 16 16
832 240 16 16
832 256 16 16
832 272 16 16
832 288 16 16
832 304 16 16
832 320 16 16
832 336 16 16
832 352 16 16
832 368 16 16
832 576 16 16
832 592 16 16
832 608 16 16
832 624 16 16
832 640 16 16
832 656 16 16
832 672 16 16
832 688 16 16
832 704 16 16
832 720 16 16
832 736 16 16
832 752 16 16
832 768 16 16
832 784 16 16
832 800 16 16
832 816 16 16
832 832 16 16
832 848 16 16
832 864 16 16
832 880 16 16
832 896 16 16
832 912 16 16
832 928 16 16
832 944 16 16
832 960 16 16
832 976 16 16
832 992 16 16
832 1008 16 16
832 1024 16 16
832 1040 16 16
832 1056 16 16
832 1072 16 16
832 1088 16 16
832 1104 16 16
832 1120 16 16
832 1136 16 16
832 1152 16 16
832 1168 16 16
832 1184 16 16
832 1200 16 16
848 144 16 16
848 160 16 16
848 176 16 16
848 192 16 16
848 208 16 16
848 224 16 16
848 240 16 16
848 256 16 16
848 272 16 16
848 288 16 16
848 304 16 16
848 320 16 16
848 336 16 16
848 352 16 16
848 368 16 16
848 608 16 16
848 624 16 16
848 672 16 16
848 688 16 16
848 736 16 16
848 752 16 16
848 800 16 16
848 816 16 16
848 864 16 16
848 880 16 16
848 928 16 16
848 944 16 16
848 992 16 16
848 1008 16 16
848 1056 16 16
848 1072 16 16
848 1120 16 16
848 1136 16 16
848 1184 16 16
848 1200 16 16
864 144 16 16
864 160 16 16
864 176 16 16
864 192 16 16
864 208 16 16
864 224 16 16
864 240 16 16
864 256 16 16
864 272 16 16
864 288 16 16
864 304 16 16
864 320 16 16
864 336 16 16
864 352 16 16
864 368 16 16
864 608 16 16
864 672 16 16
864 736 16 16
864 800 16 16
864 864 16 16
864 928 16 16
864 992 16 16
864 1056 16 16
864 1120 16 16
864 1184 16 16
880 144 16 16
880 160 16 16
880 176 16 16
880 192 16 16
880 208 16 16
880 224 16 16
880 240 16 16
880 256 16 16
880 272 16 16
880 288 16 16
880 304 16 16
880 320 16 16
880 336 16 16
880 352 16 16
880 368 16 16
880 608 16 16
880 672 16 16
880 736 16 16
880 800 16 16
880 864 16 16
880 928 16 16
880 992 16 16
880 1056 16 16
880 1120 16 16
880 1184 16 16
896 144 16 16
896 160 16 16
896 176 16 16
896 192 16 16
896 208 16 16
896 224 16 16
896 240 16 16
896 256 16 16
896 272 16 16
896 288 16 16
896 304 16 16
896 320 16 16
896 336 16 16
896 352 16 16
896 368 16 16
896 608 16 16
896 624 16 16
896 672 16 16
896 688 16 16
896 736 16 16
896 752 16 16
896 800 16 16
896 816 16 16
896 864 16 16
896 880 16 16
896 928 16 16
896 944 16 16
896 992 16 16
896 1008 16 16
896 1056 16 16
896 1072 16 16
896 1120 16 16
896 1136 16 16
896 1184 16 16
896 1200 16 16
912 144 16 16
912 160 16 16
912 176 16 16
912 192 16 16
912 208 16 16
912 224 16 16
912 240 16 16
912 256 16 16
912 272 16 16
912 288 16 16
912 304 16 16
912 320 16 16
912 336 16 16
912 352 16 16
912 368 16 16
912 576 16 16
912 592 16 16
912 608 16 16
912 624 16 16
912 640 16 16
912 656 16 16
912 672 16 16
912 688 16 16
912 704 16 16
912 720 16 16
912 736 16 16
912 752 16 16
912 768 16 16
912 784 16 16
912 800 16 16
912 816 16 16
912 832 16 16
912 848 16 16
912 864 16 16
912 880 16 16
912 896 16 16
912 912 16 16
912 928 16 16
912 944 16 16
912 960 16 16
912 976 16 16
912 992 16 16
912 1008 16 16
912 1024 16 16
912 1040 16 16
912 1056 16 16
912 1072 16 16
912 1088 16 16
912 1104 16 16
912 1120 16 16
912 1136 16 16
912 1152 16 16
912 1168 16 16
912 1184 16 16
912 1200 16 16
928 144 16 16
928 160 16 16
928 176 16 16
928 192 16 16
928 208 16 16
928 224 16 16
928 240 16 16
928 256 16 16
928 272 16 16
928 288 16 16
928 304 16 16
928 320 16 16
928 336 16 16
928 352 16 16
928 368 16 16
928 608 16 16
928 624 16 16
928 672 16 16
928 688 16 16
928 736 16 16
928 752 16 16
928 800 16 16
928 816 16 16
928 864 16 16
928 880 16 16
928 928 16 16
928 944 16 16
928 992 16 16
928 1008 16 16
928 1056 16 16
928 1072 16 16
928 1120 16 16
928 1136 16 16
928 1184 16 16
928 1200 16 16
944 144 16 16
944 160 16 16
944 176 16 16
944 192 16 16
944 208 16 16
944 224 16 16
944 240 16 16
944 256 16 16
944 272 16 16
944 288 16 16
944 304 16 16
944 320 16 16
944 336 16 16
944 352 16 16
944 368 16 16
944 608 16 16
944 672 16 16
944 736 16 16
944 800 16 16
944 864 16 16
944 928 16 16
944 992 16 16
944 1056 16 16
944 1120 16 16
944 1184 16 16
960 144 16 16
960 160 16 16
960 176 16 16
960 192 16 16
960 208 16 16
960 224 16 16
960 240 16 16
960 256 16 16
960 272 16 16
960 288 16 16
960 304 16 16
960 320 16 16
960 336 16 16
960 352 16 16
960 368 16 16
976 144 16 16
976 160 16 16
976 176 16 16
976 192 16 16
976 208 16 16
976 224 16 16
976 240 16 16
976 256 16 16
976 272 16 16
976 288 16 16
976 304 16 16
976 320 16 16
976 336 16 16
976 352 16 16
976 368 16 16
